Número de condição da matriz: 6.38096

Matriz inversa:
[-0.31083, -0.12124, -0.12207, -0.05206, -0.05621, -0.03078, -0.01994, -0.01486, -0.00870]
[-0.12124, -0.34597, -0.13899, -0.12363, -0.08876, -0.05980, -0.03261, -0.02682, -0.01486]
[-0.12207, -0.13899, -0.34929, -0.08460, -0.13609, -0.06333, -0.04716, -0.03261, -0.01994]
[-0.05206, -0.12363, -0.08460, -0.35786, -0.16272, -0.14510, -0.06333, -0.05980, -0.03078]
[-0.05621, -0.08876, -0.13609, -0.16272, -0.39941, -0.16272, -0.13609, -0.08876, -0.05621]
[-0.03078, -0.05980, -0.06333, -0.14510, -0.16272, -0.35786, -0.08460, -0.12363, -0.05206]
[-0.01994, -0.03261, -0.04716, -0.06333, -0.13609, -0.08460, -0.34929, -0.13899, -0.12207]
[-0.01486, -0.02682, -0.03261, -0.05980, -0.08876, -0.12363, -0.13899, -0.34597, -0.12124]
[-0.00870, -0.01486, -0.01994, -0.03078, -0.05621, -0.05206, -0.12207, -0.12124, -0.31083]
